name = turkey_2023_02_06_01_17_34
time = 2023-02-06 01:17:34.362
latitude = 37.2251
longitude = 37.0209
magnitude = 7.8
moment = 5.62341e+20
depth = 10000
--------------------------------------------
name = turkey_2023_02_06_10_24_49
time = 2023-02-06 10:24:49.258
latitude = 38.0235
longitude = 37.203
magnitude = 7.5
moment = 1.99526e+20
depth = 10000
--------------------------------------------
